<?xml version="1.0" encoding="utf-8"?>
<!-- Generator: Adobe Illustrator 15.0.1, SVG Export Plug-In . SVG Version: 6.00 Build 0)  -->
<!DOCTYPE svg PUBLIC "-//W3C//DTD SVG 1.1//EN" "http://www.w3.org/Graphics/SVG/1.1/DTD/svg11.dtd">
<svg version="1.1" id="Layer_1" xmlns="http://www.w3.org/2000/svg" xmlns:xlink="http://www.w3.org/1999/xlink" x="0px" y="0px"
	 width="1024px" height="768px" viewBox="0 0 1024 768" enable-background="new 0 0 1024 768" xml:space="preserve">
<polygon points="638.594,358.039 640.48,360.793 640.08,362.499 640.815,364.911 638.532,368.455 638.824,369.906 636.954,370.785 
	635.443,374.159 634.095,373.963 633.844,374.406 634.805,376.23 634.058,376.719 634.926,377.126 632.924,378.292 633.01,379.972 
	634.431,378.992 635.812,380.053 637.941,379.387 637.941,374.158 639.648,379.238 641.589,378.848 645.39,381.373 646.437,379.544 
	650.133,377.812 651.458,379.654 652.766,379.572 652.796,379.512 653.618,379.227 653.58,377.53 654.594,376.948 654.025,375.486 
	655.87,375.401 654.394,372.275 658.558,375.534 658.73,376.97 661.19,378.288 662.349,377.42 662.565,375.01 663.902,372.736 
	666.041,372.379 667.035,369.843 669.588,368.218 669.148,364.482 672.628,363.949 673.948,364.896 676.554,363.343 
	678.628,363.343 678.745,362.817 677.157,362.267 678.147,360.564 677.083,358.859 678.469,357.834 678.469,309.24 678.469,309.153 
	678.412,309.153 678.412,308.277 664.033,308.277 648.58,308.134 645.133,310.413 643.737,310.299 642.578,310.228 642.58,310.195 
	642.329,310.172 640.793,309.56 640.684,309.52 640.685,309.517 640.644,309.5 640.643,309.503 640.557,309.467 640.557,353.434 
	639.148,354.665 639.658,356.373 "/>
</svg>
