<?xml version="1.0" encoding="utf-8"?>
<!-- Generator: Adobe Illustrator 15.0.1, SVG Export Plug-In . SVG Version: 6.00 Build 0)  -->
<!DOCTYPE svg PUBLIC "-//W3C//DTD SVG 1.1//EN" "http://www.w3.org/Graphics/SVG/1.1/DTD/svg11.dtd">
<svg version="1.1" id="Layer_1" xmlns="http://www.w3.org/2000/svg" xmlns:xlink="http://www.w3.org/1999/xlink" x="0px" y="0px"
	 width="1024px" height="768px" viewBox="0 0 1024 768" enable-background="new 0 0 1024 768" xml:space="preserve">
<polygon points="757.595,354.831 757.904,354.626 759.199,353.758 761.85,350.688 763.235,350.108 764.386,350.663 766.067,348.99 
	766.137,348.787 766.622,347.363 757.769,347.363 "/>
<polygon points="767.683,347.43 767.707,347.448 768.736,348.232 768.591,348.816 770.214,349.387 770.832,349.385 770.313,348.879 
	771.376,348.547 770.887,347.711 774.085,347.571 774.307,347.363 767.596,347.363 "/>
<polygon points="811.022,371.191 811.017,371.063 811.008,371.063 810.126,351.435 809.669,352.728 809.634,352.781 
	809.481,353.228 809.434,353.081 808.896,353.887 807.487,354.495 806.752,355.549 806.703,356.599 807.236,358.013 
	806.995,359.555 805.381,361.34 805.506,361.349 806.617,361.349 807.402,362.296 807.346,363.103 807.314,364.456 807.653,366.875 
	807.63,366.894 807.636,366.936 807.232,367.286 806.646,367.68 806.16,368.07 806.155,368.076 805.7,368.667 805.687,368.687 
	805.509,369.755 805.747,370.968 807.147,372.479 809.178,372.544 810.178,373.08 810.105,372.11 810.624,373.318 810.639,373.326 
	811.982,376.377 811.945,376.394 812.06,376.662 812.177,378.142 817.973,377.017 817.871,375.273 817.886,375.251 817.884,375.209 
	818.08,374.958 820.256,372.12 820.491,371.191 "/>
<polygon points="810.031,349.325 809.943,347.363 808.936,347.363 777.801,347.363 778.75,348.003 781.429,347.821 781.43,347.826 
	781.538,347.819 781.574,348.789 781.931,348.537 781.931,348.54 781.992,348.497 781.839,349.948 783.208,349.799 783.208,349.8 
	783.21,349.799 783.208,349.802 783.226,349.8 782.384,351.473 783.024,351.795 783.024,353.288 784.864,353.652 785.373,353.753 
	785.382,353.762 785.532,353.903 787.197,355.406 790.281,355.406 789.49,358.526 789.493,358.53 789.496,358.531 790.341,359.909 
	791.651,360.481 791.679,360.493 791.68,360.494 791.692,360.499 794.604,362.629 794.525,362.629 796.794,364.332 793.309,362.88 
	793.202,365.596 791.967,366.138 791.638,367.697 791.638,367.994 791.638,368.456 791.027,369.772 791.073,369.811 
	793.067,370.345 793.29,370.469 795.798,371.782 796.971,371.782 797.443,371.756 797.485,371.801 797.73,372.037 798.528,372.893 
	800.451,373.373 801.347,374.333 801.062,372.366 798.316,369.872 798.459,369.862 798.345,369.755 800.6,369.635 800.321,368.72 
	799.844,365.386 800.617,358.479 799.577,355.947 799.658,355.908 799.65,355.887 799.626,355.824 800.32,355.515 800.321,355.514 
	802.325,354.611 802.339,354.605 805.52,351.941 806.597,350.068 807.717,348.554 809.008,348.767 809.237,348.984 809.516,348.17 
	809.958,349.54 810.028,349.593 810.046,349.656 "/>
</svg>
