<?xml version="1.0" encoding="utf-8"?>
<!-- Generator: Adobe Illustrator 15.0.1, SVG Export Plug-In . SVG Version: 6.00 Build 0)  -->
<!DOCTYPE svg PUBLIC "-//W3C//DTD SVG 1.1//EN" "http://www.w3.org/Graphics/SVG/1.1/DTD/svg11.dtd">
<svg version="1.1" id="Layer_1" xmlns="http://www.w3.org/2000/svg" xmlns:xlink="http://www.w3.org/1999/xlink" x="0px" y="0px"
	 width="1024px" height="768px" viewBox="0 0 1024 768" enable-background="new 0 0 1024 768" xml:space="preserve">
<polygon points="500.311,167.676 500.63,175.848 504.649,188.147 505.111,200.37 505.346,201.818 506.04,202.105 505.438,208.317 
	506.026,210.42 506.614,212.522 508.249,215.005 508.894,218.613 508.97,222.445 509.116,222.445 508.987,223.294 509.002,224.045 
	508.873,224.045 508.629,225.647 507.315,227.948 504.831,229.723 504.658,230.441 506.727,233.652 509,234.434 510.459,236.364 
	510.459,272.288 585.015,272.288 584.57,267.735 584.569,267.723 583.419,265.31 576.743,260.492 575.702,257.734 572.99,254.758 
	571.009,253.697 568.293,253.895 566.654,251.593 563.418,250.303 561.823,248.062 562.741,244.249 561.946,241.169 562.848,240.17 
	562.712,236.626 564.098,234.034 563.022,231.928 560.707,231.399 560.839,227.745 562.349,226.276 563.848,223.249 
	568.829,220.802 569.509,220.004 569.509,207.241 570.918,207.292 571.812,205.027 573.391,206.346 574.792,204.767 
	584.774,195.778 596.323,186.563 601.332,184.693 605.917,180.629 602.646,179.049 595.675,178.816 591.312,177.079 589.07,177.251 
	585.776,179.028 583.579,179.312 580.107,177.452 578.003,175.021 577.091,174.708 574.946,174.025 574.83,173.934 572.923,172.451 
	572.234,172.221 572.926,173.122 570.66,171.694 570.546,171.656 569.466,170.993 569.126,170.795 569.022,170.663 568.996,170.646 
	567.684,168.979 565.332,167.58 562.923,166.681 556.475,166.057 554.802,167.157 555.163,167.275 554.527,167.337 554.381,167.434 
	551.198,167.665 551.197,167.665 551.177,167.658 550.197,167.346 550.197,167.967 549.415,167.097 548.598,166.837 
	548.598,166.798 547.322,166.372 548.598,166.268 548.598,166.197 548.36,165.942 545.02,164.955 543.924,164.333 541.591,164.773 
	541.516,164.773 539.947,164.773 539.571,164.335 537.306,164.629 537.276,164.56 537.275,164.56 537.037,164.007 534.651,158.378 
	534.307,158.032 531.207,149.703 529.654,149.398 529.654,159.114 529.617,159.114 528.817,159.145 499.447,159.145 
	501.282,165.127 "/>
</svg>
