<?xml version="1.0" encoding="utf-8"?>
<!-- Generator: Adobe Illustrator 15.0.1, SVG Export Plug-In . SVG Version: 6.00 Build 0)  -->
<!DOCTYPE svg PUBLIC "-//W3C//DTD SVG 1.1//EN" "http://www.w3.org/Graphics/SVG/1.1/DTD/svg11.dtd">
<svg version="1.1" id="Layer_1" xmlns="http://www.w3.org/2000/svg" xmlns:xlink="http://www.w3.org/1999/xlink" x="0px" y="0px"
	 width="1024px" height="768px" viewBox="0 0 1024 768" enable-background="new 0 0 1024 768" xml:space="preserve">
<polygon points="624.938,486.535 628.164,458.061 630.71,434.631 629.634,433.298 613.365,433.298 600.28,433.211 600.701,434.556 
	597.684,436.398 597.684,438.133 596.101,438.239 595.75,439.424 595.906,443.537 593.254,444.416 593.254,446.349 592.119,446.234 
	591.737,447.312 591.128,447.735 591.801,448.164 591.518,450.011 589.241,450.853 589.548,451.16 588.843,454.445 587.01,455.888 
	587.835,456.615 587.527,458.294 587.214,458.4 588.078,459.24 587.409,461.979 588.319,462.647 588.582,464.982 587.65,465.964 
	587.706,466.664 588.151,466.662 587.779,467.591 587.779,467.592 587.779,467.593 587.805,467.917 589.031,468.683 
	587.792,471.581 589.423,472.975 587.79,474.008 588.511,475.153 588.436,476.571 591.486,479.151 589.146,483.365 588.548,483.365 
	588.73,485.044 584.631,488.325 583.62,492.537 582.351,493.525 582.812,495.055 582.122,497.553 580.692,497.993 581.694,500.971 
	581.574,501.09 608.66,501.09 606.819,507.468 607.268,508.786 609.121,510.501 610.018,513.264 612.729,511.892 614.935,512.563 
	617.927,510.77 626.085,511.345 624.931,486.599 "/>
</svg>
