<?xml version="1.0" encoding="utf-8"?>
<!-- Generator: Adobe Illustrator 15.0.1, SVG Export Plug-In . SVG Version: 6.00 Build 0)  -->
<!DOCTYPE svg PUBLIC "-//W3C//DTD SVG 1.1//EN" "http://www.w3.org/Graphics/SVG/1.1/DTD/svg11.dtd">
<svg version="1.1" id="Layer_1" xmlns="http://www.w3.org/2000/svg" xmlns:xlink="http://www.w3.org/1999/xlink" x="0px" y="0px"
	 width="1024px" height="768px" viewBox="0 0 1024 768" enable-background="new 0 0 1024 768" xml:space="preserve">
<polygon points="229.883,185.402 230.696,188.062 229.956,188.986 231.665,190.696 230.573,191.532 231.749,192.183 
	232.914,193.882 235.54,194.903 239.521,200.616 241.664,202.092 241.754,203.891 243.901,205.331 243.901,205.648 244.529,205.302 
	246.161,206.653 245.838,207.602 245.991,207.723 250.269,207.02 250.062,211.218 249.346,211.719 249.675,212.503 248.403,216.509 
	248.794,218.487 248.018,218.928 248.515,219.591 248.171,221.443 249.209,221.764 248.962,223.397 249.621,224.446 
	247.131,226.753 247.888,227.972 247.222,230.341 247.988,230.418 249.643,231.801 250.546,230.865 252.144,230.273 
	253.422,228.887 253.713,226.838 257.904,229.926 257.815,231.394 258.636,231.877 258.426,233.557 259.134,234.535 
	259.091,236.076 260.699,237.989 261.173,239.417 262.055,239.455 263.198,242.163 263.131,243.799 262.657,244.301 263.05,245.108 
	264.11,246.141 265.273,245.553 267.321,246.708 268.982,249.751 268.648,250.761 269.657,251.944 269.657,251.944 269.612,253.454 
	270.475,254.106 271.907,252.545 273.425,252.054 277.343,252.922 277.931,251.643 279.805,250.683 282.226,251.405 
	285.338,250.771 286.327,251.51 288.097,250.802 289.731,251.064 289.567,250.709 290.489,249.448 290.146,248.332 292.623,246.752 
	294.07,247.716 295.612,250.752 296.391,251.384 296.391,241.877 398.656,241.877 398.656,224.045 398.656,222.445 398.656,159.074 
	398.656,159.062 398.242,159.055 387.636,158.979 312.372,158.979 299.21,158.884 225.073,158.884 225.157,179.362 "/>
</svg>
