<?xml version="1.0" encoding="utf-8"?>
<!-- Generator: Adobe Illustrator 15.0.1, SVG Export Plug-In . SVG Version: 6.00 Build 0)  -->
<!DOCTYPE svg PUBLIC "-//W3C//DTD SVG 1.1//EN" "http://www.w3.org/Graphics/SVG/1.1/DTD/svg11.dtd">
<svg version="1.1" id="Layer_1" xmlns="http://www.w3.org/2000/svg" xmlns:xlink="http://www.w3.org/1999/xlink" x="0px" y="0px"
	 width="1024px" height="768px" viewBox="0 0 1024 768" enable-background="new 0 0 1024 768" xml:space="preserve">
<polygon points="873.272,251.059 872.547,253.053 868.477,256.756 866.162,257.538 866.006,258.54 865.933,259.032 866.182,258.542 
	865.244,263.536 865.148,264.1 865.131,264.137 865.13,264.145 865.108,264.186 862.804,269.182 862.9,268.531 860.873,272.521 
	860.142,280.077 860.143,280.077 859.788,283.309 858.632,285.761 858.627,285.771 859.582,287.557 875.904,287.557 
	878.203,286.023 881.569,284.431 882.528,284.614 883.273,281.757 882.853,281.21 882.11,280.281 882.111,280.251 882.11,280.25 
	882.11,280.247 882.099,280.231 882.167,279.104 882.196,278.503 879.876,275.431 880.362,271.717 879.402,256.386 878.399,238.493 
	875.573,238.829 874.886,239.485 873.427,243.309 873.854,244.875 873.854,244.878 873.858,244.896 873.679,245.223 873.38,245.707 
	872.734,246.839 872.718,246.78 871.972,247.99 "/>
</svg>
