<?xml version="1.0" encoding="utf-8"?>
<!-- Generator: Adobe Illustrator 15.0.1, SVG Export Plug-In . SVG Version: 6.00 Build 0)  -->
<!DOCTYPE svg PUBLIC "-//W3C//DTD SVG 1.1//EN" "http://www.w3.org/Graphics/SVG/1.1/DTD/svg11.dtd">
<svg version="1.1" id="Layer_1" xmlns="http://www.w3.org/2000/svg" xmlns:xlink="http://www.w3.org/1999/xlink" x="0px" y="0px"
	 width="1024px" height="768px" viewBox="0 0 1024 768" enable-background="new 0 0 1024 768" xml:space="preserve">
<polygon points="825.276,317.344 823.092,321.201 821.257,322.688 822.204,324.574 821.202,326.81 820.271,327.372 820.143,328.855 
	820.246,329.884 821.793,330.195 822.162,332.646 823.183,332.949 827.32,338.478 822.273,341.604 821.35,342.53 821.613,343.324 
	820.697,344.36 817.567,345.254 816.713,345.925 816.439,346.198 816.407,346.178 816.081,346.468 814.985,348.437 815.413,349.143 
	818.653,353.06 818.661,353.068 820.796,353.678 822.422,355.258 823.88,355.322 823.904,352.826 823.96,352.94 823.96,352.904 
	825.142,355.378 825.529,355.396 825.521,356.174 825.773,356.702 826.32,357.846 829.195,353.167 831.01,351.613 831.903,349.998 
	831.903,348.568 833.511,347.909 833.835,347.423 834.829,342.279 835.697,340.943 835.712,340.948 835.721,340.933 836.49,341.207 
	837.422,337.839 837.614,336.785 837.345,335.843 836.167,334.296 835.322,333.866 835.322,335.518 834.214,333.301 
	834.196,333.292 834.025,332.949 833.587,333.597 833.903,332.703 833.723,332.339 833.723,332.318 833.717,332.307 
	833.717,330.771 833.723,330.76 833.723,328.717 834.236,329.754 835.055,328.153 835.68,327.53 837.29,322.879 826.564,316.147 "/>
</svg>
