<?xml version="1.0" encoding="utf-8"?>
<!-- Generator: Adobe Illustrator 15.0.1, SVG Export Plug-In . SVG Version: 6.00 Build 0)  -->
<!DOCTYPE svg PUBLIC "-//W3C//DTD SVG 1.1//EN" "http://www.w3.org/Graphics/SVG/1.1/DTD/svg11.dtd">
<svg version="1.1" id="Layer_1" xmlns="http://www.w3.org/2000/svg" xmlns:xlink="http://www.w3.org/1999/xlink" x="0px" y="0px"
	 width="1024px" height="768px" viewBox="0 0 1024 768" enable-background="new 0 0 1024 768" xml:space="preserve">
<polygon points="842.328,316.48 842.355,316.121 843.348,302.97 842.755,302.97 846.706,288.415 846.218,286.754 846.225,286.621 
	846.869,272.546 846.472,271.887 846.185,272.099 846.185,272.102 845.959,272.265 845.789,272.391 844.739,273.166 
	844.218,270.304 845.051,268.228 843.992,261.989 844.928,258.659 845.74,257.809 845.572,255.598 846.131,254.044 844.915,250.747 
	845.512,247.39 844.851,245.801 845.5,244.664 845.391,244.075 822.522,244.075 818.229,247.808 813.463,250.561 812.629,252.281 
	812.616,252.28 812.606,252.316 812.618,252.319 812.606,252.316 812.589,252.387 812.582,252.413 812.589,252.415 812.589,252.416 
	812.587,252.421 812.587,252.421 812.573,252.471 812.574,252.471 812.501,252.73 812.501,252.732 812.337,253.373 812.511,253.254 
	812.203,253.754 812.184,253.822 810.833,255.989 810.82,256.01 810.812,256.022 810.807,256.031 810.806,256.033 810.802,256.039 
	810.473,256.588 810.452,256.602 810.451,256.604 810.291,256.726 804.991,260.334 804.367,261.046 804.469,261.472 
	806.138,261.472 807.399,263.008 807.128,264.548 807.469,264.619 807.019,264.913 807.019,264.915 805.625,265.87 805.618,265.869 
	805.454,265.846 805.207,265.823 805.02,265.786 805.048,265.89 806.34,267.564 806.889,270.472 806.229,272.928 805.621,273.03 
	801.367,273.861 798.284,276.266 800.607,276.207 797.089,277.198 797.051,277.228 796.362,277.423 794.74,277.884 794.622,277.924 
	794.62,277.918 794.553,277.938 794.553,277.937 794.551,277.938 794.548,277.929 794.546,277.929 794.391,277.967 794.36,277.968 
	794.304,277.983 788.851,278.165 788.801,278.148 787.89,278.177 788.432,278.022 788.046,277.891 785.028,278.904 782.559,277.005 
	778.989,276.139 777.282,276.139 771.648,276.77 766.375,278.117 766.325,278.141 764.567,278.954 764.539,278.967 765.076,280.769 
	766.243,282.948 767.181,286.778 767,286.943 766.782,287.147 763.545,290.087 763.333,290.405 765.222,290.002 762.554,291.674 
	762.553,291.675 762.435,291.751 762.43,291.758 762.28,291.852 762.28,291.853 762.185,291.912 761.813,292.151 761.316,292.472 
	761.308,292.474 759.973,293.33 759.289,293.951 759.476,293.649 759.229,293.807 759.29,293.712 757.842,295.052 757.837,295.047 
	757.756,295.122 757.753,295.124 757.749,295.12 757.645,295.207 753.703,297.947 753.582,298.031 753.582,302.06 816.598,302.06 
	818.924,303.13 819.235,304.697 822.211,305.743 821.822,306.419 822.198,306.569 821.984,310.128 822.949,312.128 826.367,313.269 
	827.117,314.51 839.262,322.132 839.078,322.663 839.394,322.208 839.394,323.801 839.831,323.801 840.872,322.074 839.608,319.964 
	843.096,317.866 "/>
<polygon points="858.161,323.328 852.48,323.659 845.111,324.982 842.398,325.931 840.978,326.629 840.133,327.94 839.645,328.149 
	840.125,328.036 840.309,329.33 840.625,329.408 844.722,327.54 851.51,325.921 857.663,324.861 857.931,324.719 857.606,324.789 
	858.185,323.314 "/>
</svg>
