<?xml version="1.0" encoding="utf-8"?>
<!-- Generator: Adobe Illustrator 15.0.1, SVG Export Plug-In . SVG Version: 6.00 Build 0)  -->
<!DOCTYPE svg PUBLIC "-//W3C//DTD SVG 1.1//EN" "http://www.w3.org/Graphics/SVG/1.1/DTD/svg11.dtd">
<svg version="1.1" id="Layer_1" xmlns="http://www.w3.org/2000/svg" xmlns:xlink="http://www.w3.org/1999/xlink" x="0px" y="0px"
	 width="1024px" height="768px" viewBox="0 0 1024 768" enable-background="new 0 0 1024 768" xml:space="preserve">
<polygon points="506.714,452.271 510.791,453.421 511.33,454.003 511.432,453.665 512.974,453.768 513.772,452.692 517.21,451.342 
	518.91,451.914 518.95,451.594 522.628,450.37 523.533,451.704 525.596,451.836 527.455,449.981 531.771,452.112 533.218,453.914 
	537.802,455.506 537.802,425.944 535.843,406.564 535.767,406.564 535.767,405.806 535.682,404.965 535.767,404.965 
	535.767,397.522 429.475,397.522 427.875,397.522 415.117,397.522 415.117,405.155 458.817,405.155 458.817,439.676 
	460.224,439.676 463.59,442.729 464.678,442.298 466.237,442.79 467.206,440.853 470.428,443.992 470.84,445.792 473.207,445.726 
	476.533,447.038 478.804,446.74 480.482,448.146 481.699,447.066 486.456,446.947 486.762,449.361 488.78,449.949 488.63,451.694 
	488.964,451.843 492.377,449.623 493.856,450.301 494.046,451.348 495.386,451.419 495.953,452.506 499.769,450.874 
	499.697,452.329 505.137,450.697 "/>
</svg>
