<?xml version="1.0" encoding="utf-8"?>
<!-- Generator: Adobe Illustrator 15.0.1, SVG Export Plug-In . SVG Version: 6.00 Build 0)  -->
<!DOCTYPE svg PUBLIC "-//W3C//DTD SVG 1.1//EN" "http://www.w3.org/Graphics/SVG/1.1/DTD/svg11.dtd">
<svg version="1.1" id="Layer_1" xmlns="http://www.w3.org/2000/svg" xmlns:xlink="http://www.w3.org/1999/xlink" x="0px" y="0px"
	 width="1024px" height="768px" viewBox="0 0 1024 768" enable-background="new 0 0 1024 768" xml:space="preserve">
<polygon points="167.611,301.966 209.437,301.966 209.437,266.411 209.478,266.289 209.478,266.287 210.639,262.821 
	209.977,261.106 211.102,259.593 210.287,258.41 207.004,257.915 206.607,253.233 209.451,247.496 211.379,245.708 212.117,244.07 
	212.117,242.095 213.92,238.965 214.892,234.999 217.568,230.118 216.498,227.532 213.497,226.167 211.66,222.798 181.75,222.892 
	180.386,223.89 173.362,224.349 172.096,225.664 167.842,226.321 163.832,228.276 160.032,229.024 157.877,228.079 149.975,230.897 
	147.585,228.794 140.934,228.667 138.252,230.467 133.739,231.877 126.317,229.784 125.246,222.938 124.383,221.172 
	121.138,219.147 120.849,219.752 120.791,219.734 120.788,219.739 120.19,219.54 117.338,218.615 112.552,219.044 112.134,219.347 
	111.854,220.343 111.543,224.374 111.729,225.771 112.719,226.693 112.108,228.63 112.436,231.679 111.393,234.041 111.144,242.626 
	110.158,245.966 110.343,257.408 109.647,260.003 109.538,263.53 108.026,270.124 107.891,271.7 107.911,271.703 108.089,271.7 
	108.095,271.732 108.105,271.734 108.302,272.413 108.699,274.995 106.736,276.321 105.502,278.625 104.215,285.46 104.93,289.371 
	105.485,296.17 107.425,301.277 107.636,301.966 166.012,301.966 "/>
</svg>
