<?xml version="1.0" encoding="utf-8"?>
<!-- Generator: Adobe Illustrator 15.0.1, SVG Export Plug-In . SVG Version: 6.00 Build 0)  -->
<!DOCTYPE svg PUBLIC "-//W3C//DTD SVG 1.1//EN" "http://www.w3.org/Graphics/SVG/1.1/DTD/svg11.dtd">
<svg version="1.1" id="Layer_1" xmlns="http://www.w3.org/2000/svg" xmlns:xlink="http://www.w3.org/1999/xlink" x="0px" y="0px"
	 width="1024px" height="768px" viewBox="0 0 1024 768" enable-background="new 0 0 1024 768" xml:space="preserve">
<polygon points="812.328,343.578 812.253,343.53 812.382,343.518 812.419,343.477 814.592,343.315 814.633,343.312 814.853,343.292 
	814.963,343.363 816.295,344.207 816.849,343.796 819.804,342.951 819.521,342.099 821.352,340.293 824.992,338.038 822.22,334.332 
	820.73,333.89 820.377,331.542 818.771,331.22 818.193,325.463 818.862,326.354 819.946,325.698 820.433,324.613 819.249,322.255 
	821.85,320.148 822.354,319.276 824.097,316.256 825.45,314.999 825.248,314.666 821.736,313.49 820.312,310.513 820.469,307.689 
	819.444,307.287 819.804,306.668 817.783,305.956 817.452,304.298 816.18,303.714 751.864,303.714 751.864,299.199 751.864,299.197 
	750.713,299.986 747.813,300.302 745.628,302.227 742.545,303.849 742.545,329.024 742.545,329.824 742.545,345.764 756.2,345.764 
	756.205,345.764 757.753,345.764 757.8,345.764 809.871,345.764 810.369,345.764 "/>
</svg>
